          12  3          12 NEL,NDIM,NELV
      ELEMENT             1 [    1a]    GROUP     0
   0.000000       1.000000       1.000000       0.000000    
 -0.5000000     -0.5000000       0.000000       0.000000    
   0.000000       0.000000       0.000000       0.000000    
   0.000000       1.000000       1.000000       0.000000    
 -0.5000000     -0.5000000       0.000000       0.000000    
  0.5000000E-01  0.5000000E-01  0.5000000E-01  0.5000000E-01
      ELEMENT             2 [    1a]    GROUP     0
   1.000000       2.000000       2.000000       1.000000    
 -0.5000000     -0.5000000       0.000000       0.000000    
   0.000000       0.000000       0.000000       0.000000    
   1.000000       2.000000       2.000000       1.000000    
 -0.5000000     -0.5000000       0.000000       0.000000    
  0.5000000E-01  0.5000000E-01  0.5000000E-01  0.5000000E-01
      ELEMENT             3 [    1a]    GROUP     0
   0.000000       1.000000       1.000000       0.000000    
   0.000000       0.000000      0.5000000      0.5000000    
   0.000000       0.000000       0.000000       0.000000    
   0.000000       1.000000       1.000000       0.000000    
   0.000000       0.000000      0.5000000      0.5000000    
  0.5000000E-01  0.5000000E-01  0.5000000E-01  0.5000000E-01
      ELEMENT             4 [    1a]    GROUP     0
   1.000000       2.000000       2.000000       1.000000    
   0.000000       0.000000      0.5000000      0.5000000    
   0.000000       0.000000       0.000000       0.000000    
   1.000000       2.000000       2.000000       1.000000    
   0.000000       0.000000      0.5000000      0.5000000    
  0.5000000E-01  0.5000000E-01  0.5000000E-01  0.5000000E-01
      ELEMENT             5 [    1a]    GROUP     0
   0.000000       1.000000       1.000000       0.000000    
 -0.5000000     -0.5000000       0.000000       0.000000    
  0.5000000E-01  0.5000000E-01  0.5000000E-01  0.5000000E-01
   0.000000       1.000000       1.000000       0.000000    
 -0.5000000     -0.5000000       0.000000       0.000000    
  0.1000000      0.1000000      0.1000000      0.1000000    
      ELEMENT             6 [    1a]    GROUP     0
   1.000000       2.000000       2.000000       1.000000    
 -0.5000000     -0.5000000       0.000000       0.000000    
  0.5000000E-01  0.5000000E-01  0.5000000E-01  0.5000000E-01
   1.000000       2.000000       2.000000       1.000000    
 -0.5000000     -0.5000000       0.000000       0.000000    
  0.1000000      0.1000000      0.1000000      0.1000000    
      ELEMENT             7 [    1a]    GROUP     0
   0.000000       1.000000       1.000000       0.000000    
   0.000000       0.000000      0.5000000      0.5000000    
  0.5000000E-01  0.5000000E-01  0.5000000E-01  0.5000000E-01
   0.000000       1.000000       1.000000       0.000000    
   0.000000       0.000000      0.5000000      0.5000000    
  0.1000000      0.1000000      0.1000000      0.1000000    
      ELEMENT             8 [    1a]    GROUP     0
   1.000000       2.000000       2.000000       1.000000    
   0.000000       0.000000      0.5000000      0.5000000    
  0.5000000E-01  0.5000000E-01  0.5000000E-01  0.5000000E-01
   1.000000       2.000000       2.000000       1.000000    
   0.000000       0.000000      0.5000000      0.5000000    
  0.1000000      0.1000000      0.1000000      0.1000000    
      ELEMENT             9 [    1a]    GROUP     0
   0.000000       1.000000       1.000000       0.000000    
 -0.5000000     -0.5000000       0.000000       0.000000    
  0.1000000      0.1000000      0.1000000      0.1000000    
   0.000000       1.000000       1.000000       0.000000    
 -0.5000000     -0.5000000       0.000000       0.000000    
  0.1500000      0.1500000      0.1500000      0.1500000    
      ELEMENT            10 [    1a]    GROUP     0
   1.000000       2.000000       2.000000       1.000000    
 -0.5000000     -0.5000000       0.000000       0.000000    
  0.1000000      0.1000000      0.1000000      0.1000000    
   1.000000       2.000000       2.000000       1.000000    
 -0.5000000     -0.5000000       0.000000       0.000000    
  0.1500000      0.1500000      0.1500000      0.1500000    
      ELEMENT            11 [    1a]    GROUP     0
   0.000000       1.000000       1.000000       0.000000    
   0.000000       0.000000      0.5000000      0.5000000    
  0.1000000      0.1000000      0.1000000      0.1000000    
   0.000000       1.000000       1.000000       0.000000    
   0.000000       0.000000      0.5000000      0.5000000    
  0.1500000      0.1500000      0.1500000      0.1500000    
      ELEMENT            12 [    1a]    GROUP     0
   1.000000       2.000000       2.000000       1.000000    
   0.000000       0.000000      0.5000000      0.5000000    
  0.1000000      0.1000000      0.1000000      0.1000000    
   1.000000       2.000000       2.000000       1.000000    
   0.000000       0.000000      0.5000000      0.5000000    
  0.1500000      0.1500000      0.1500000      0.1500000    
  ***** CURVED SIDE DATA *****
        24 Curved sides follow IEDGE,IEL,CURVE(I),I=1,5, CCURVE
  1  1  0.500000     -0.550000       0.00000       0.00000       0.00000     m
  5  1  0.500000     -0.550000      0.500000E-01   0.00000       0.00000     m
  1  2   1.50000     -0.450000       0.00000       0.00000       0.00000     m
  5  2   1.50000     -0.450000      0.500000E-01   0.00000       0.00000     m
  3  3  0.500000      0.550000       0.00000       0.00000       0.00000     m
  7  3  0.500000      0.550000      0.500000E-01   0.00000       0.00000     m
  3  4   1.50000      0.450000       0.00000       0.00000       0.00000     m
  7  4   1.50000      0.450000      0.500000E-01   0.00000       0.00000     m
  1  5  0.500000     -0.550000      0.500000E-01   0.00000       0.00000     m
  5  5  0.500000     -0.550000      0.100000       0.00000       0.00000     m
  1  6   1.50000     -0.450000      0.500000E-01   0.00000       0.00000     m
  5  6   1.50000     -0.450000      0.100000       0.00000       0.00000     m
  3  7  0.500000      0.550000      0.500000E-01   0.00000       0.00000     m
  7  7  0.500000      0.550000      0.100000       0.00000       0.00000     m
  3  8   1.50000      0.450000      0.500000E-01   0.00000       0.00000     m
  7  8   1.50000      0.450000      0.100000       0.00000       0.00000     m
  1  9  0.500000     -0.550000      0.100000       0.00000       0.00000     m
  5  9  0.500000     -0.550000      0.150000       0.00000       0.00000     m
  1 10   1.50000     -0.450000      0.100000       0.00000       0.00000     m
  5 10   1.50000     -0.450000      0.150000       0.00000       0.00000     m
  3 11  0.500000      0.550000      0.100000       0.00000       0.00000     m
  7 11  0.500000      0.550000      0.150000       0.00000       0.00000     m
  3 12   1.50000      0.450000      0.100000       0.00000       0.00000     m
  7 12   1.50000      0.450000      0.150000       0.00000       0.00000     m
  ***** BOUNDARY CONDITIONS *****
  *****    FLUID   BOUNDARY CONDITIONS *****
 W    1  1   0.00000       0.00000       0.00000       0.00000       0.00000    
 E    1  2   2.00000       4.00000       0.00000       0.00000       0.00000    
 E    1  3   3.00000       1.00000       0.00000       0.00000       0.00000    
 v    1  4   0.00000       0.00000       0.00000       0.00000       0.00000    
 P    1  5   9.00000       6.00000       0.00000       0.00000       0.00000    
 E    1  6   5.00000       5.00000       0.00000       0.00000       0.00000    
 W    2  1   0.00000       0.00000       0.00000       0.00000       0.00000    
 O    2  2   0.00000       0.00000       0.00000       0.00000       0.00000    
 E    2  3   4.00000       1.00000       0.00000       0.00000       0.00000    
 E    2  4   1.00000       2.00000       0.00000       0.00000       0.00000    
 P    2  5   10.0000       6.00000       0.00000       0.00000       0.00000    
 E    2  6   6.00000       5.00000       0.00000       0.00000       0.00000    
 E    3  1   1.00000       3.00000       0.00000       0.00000       0.00000    
 E    3  2   4.00000       4.00000       0.00000       0.00000       0.00000    
 W    3  3   0.00000       0.00000       0.00000       0.00000       0.00000    
 v    3  4   0.00000       0.00000       0.00000       0.00000       0.00000    
 P    3  5   11.0000       6.00000       0.00000       0.00000       0.00000    
 E    3  6   7.00000       5.00000       0.00000       0.00000       0.00000    
 E    4  1   2.00000       3.00000       0.00000       0.00000       0.00000    
 O    4  2   0.00000       0.00000       0.00000       0.00000       0.00000    
 W    4  3   0.00000       0.00000       0.00000       0.00000       0.00000    
 E    4  4   3.00000       2.00000       0.00000       0.00000       0.00000    
 P    4  5   12.0000       6.00000       0.00000       0.00000       0.00000    
 E    4  6   8.00000       5.00000       0.00000       0.00000       0.00000    
 W    5  1   0.00000       0.00000       0.00000       0.00000       0.00000    
 E    5  2   6.00000       4.00000       0.00000       0.00000       0.00000    
 E    5  3   7.00000       1.00000       0.00000       0.00000       0.00000    
 v    5  4   0.00000       0.00000       0.00000       0.00000       0.00000    
 E    5  5   1.00000       6.00000       0.00000       0.00000       0.00000    
 E    5  6   9.00000       5.00000       0.00000       0.00000       0.00000    
 W    6  1   0.00000       0.00000       0.00000       0.00000       0.00000    
 O    6  2   0.00000       0.00000       0.00000       0.00000       0.00000    
 E    6  3   8.00000       1.00000       0.00000       0.00000       0.00000    
 E    6  4   5.00000       2.00000       0.00000       0.00000       0.00000    
 E    6  5   2.00000       6.00000       0.00000       0.00000       0.00000    
 E    6  6   10.0000       5.00000       0.00000       0.00000       0.00000    
 E    7  1   5.00000       3.00000       0.00000       0.00000       0.00000    
 E    7  2   8.00000       4.00000       0.00000       0.00000       0.00000    
 W    7  3   0.00000       0.00000       0.00000       0.00000       0.00000    
 v    7  4   0.00000       0.00000       0.00000       0.00000       0.00000    
 E    7  5   3.00000       6.00000       0.00000       0.00000       0.00000    
 E    7  6   11.0000       5.00000       0.00000       0.00000       0.00000    
 E    8  1   6.00000       3.00000       0.00000       0.00000       0.00000    
 O    8  2   0.00000       0.00000       0.00000       0.00000       0.00000    
 W    8  3   0.00000       0.00000       0.00000       0.00000       0.00000    
 E    8  4   7.00000       2.00000       0.00000       0.00000       0.00000    
 E    8  5   4.00000       6.00000       0.00000       0.00000       0.00000    
 E    8  6   12.0000       5.00000       0.00000       0.00000       0.00000    
 W    9  1   0.00000       0.00000       0.00000       0.00000       0.00000    
 E    9  2   10.0000       4.00000       0.00000       0.00000       0.00000    
 E    9  3   11.0000       1.00000       0.00000       0.00000       0.00000    
 v    9  4   0.00000       0.00000       0.00000       0.00000       0.00000    
 E    9  5   5.00000       6.00000       0.00000       0.00000       0.00000    
 P    9  6   1.00000       5.00000       0.00000       0.00000       0.00000    
 W   10  1   0.00000       0.00000       0.00000       0.00000       0.00000    
 O   10  2   0.00000       0.00000       0.00000       0.00000       0.00000    
 E   10  3   12.0000       1.00000       0.00000       0.00000       0.00000    
 E   10  4   9.00000       2.00000       0.00000       0.00000       0.00000    
 E   10  5   6.00000       6.00000       0.00000       0.00000       0.00000    
 P   10  6   2.00000       5.00000       0.00000       0.00000       0.00000    
 E   11  1   9.00000       3.00000       0.00000       0.00000       0.00000    
 E   11  2   12.0000       4.00000       0.00000       0.00000       0.00000    
 W   11  3   0.00000       0.00000       0.00000       0.00000       0.00000    
 v   11  4   0.00000       0.00000       0.00000       0.00000       0.00000    
 E   11  5   7.00000       6.00000       0.00000       0.00000       0.00000    
 P   11  6   3.00000       5.00000       0.00000       0.00000       0.00000    
 E   12  1   10.0000       3.00000       0.00000       0.00000       0.00000    
 O   12  2   0.00000       0.00000       0.00000       0.00000       0.00000    
 W   12  3   0.00000       0.00000       0.00000       0.00000       0.00000    
 E   12  4   11.0000       2.00000       0.00000       0.00000       0.00000    
 E   12  5   8.00000       6.00000       0.00000       0.00000       0.00000    
 P   12  6   4.00000       5.00000       0.00000       0.00000       0.00000   
 
